Sum: 4.4562792778 > task: 0
Source : 1
Source : 2
Source : 3
total sum : 17.8272428513 
total time : 0.00067273 sec
Sum: 4.3831725121 > task: 2
Sum: 4.4562788010 > task: 1
Sum: 4.5315122604 > task: 3
